$ 1 0.000005 10.20027730826997 50 5 50 5e-11
L 688 432 688 496 0 0 false 5 0
L 752 432 752 496 0 1 false 5 0
L 816 432 816 496 0 1 false 5 0
L 880 432 880 496 0 1 false 5 0
L 560 368 528 368 0 1 false 5 0
r 560 368 640 368 0 680
162 640 368 688 368 2 default-led 1 0 0 0.01
162 704 368 752 368 2 default-led 1 0 0 0.01
162 768 368 816 368 2 default-led 1 0 0 0.01
162 832 368 880 368 2 default-led 1 0 0 0.01
w 640 368 640 336 0
w 640 336 704 336 0
w 704 336 704 368 0
w 768 368 768 336 0
w 832 368 832 336 0
w 704 336 768 336 0
w 768 336 832 336 0
w 880 368 880 432 0
w 816 368 816 432 0
w 752 368 752 432 0
w 688 368 688 432 0
L 560 432 528 432 0 0 false 5 0
r 560 432 640 432 0 680
162 640 432 688 432 2 default-led 1 0 0 0.01
162 704 432 752 432 2 default-led 1 0 0 0.01
162 768 432 816 432 2 default-led 1 0 0 0.01
162 832 432 880 432 2 default-led 1 0 0 0.01
w 640 432 640 400 0
w 640 400 704 400 0
w 704 400 704 432 0
w 768 432 768 400 0
w 832 432 832 400 0
w 704 400 768 400 0
w 768 400 832 400 0
b 498 337 567 464 0
b 912 528 567 464 0
x 498 332 529 335 4 12 Rows
x 566 544 618 547 4 12 Columns
x 508 139 970 142 4 24 LED-Matrix\szum\sAnsteuern\svieler\sLEDs
x 510 166 777 169 4 12 Hier:\s8\sLEDs\smit\s6\sDigitalausgängen\ssteuern
x 511 185 778 188 4 12 Oder\s16\sLEDs\smit\s8\sAusgängen\ssteuern\susw.
