$ 1 0.000005 10.20027730826997 50 5 50 5e-11
L 944 416 896 416 0 1 false 3.3 0
L 944 544 896 544 0 1 false 3.3 0
r 944 416 1056 416 0 2200
r 944 544 1056 544 0 2200
r 1056 544 1056 464 0 1100
p 1168 752 1232 752 1 0 0
r 1056 416 1056 336 0 2200
x 767 417 878 420 4 12 GPIO-Ausgang:\sBit\s0
x 766 545 877 548 4 12 GPIO-Ausgang:\sBit\s1
w 1056 336 1120 336 0
g 1120 336 1120 352 0 0
w 1056 752 1168 752 0
x 766 673 877 676 4 12 GPIO-Ausgang:\sBit\s2
r 1056 672 1056 592 0 1100
r 944 672 1056 672 0 2200
L 944 672 896 672 0 1 false 3.3 0
w 1056 416 1056 464 0
w 1056 544 1056 592 0
w 1056 672 1056 752 0
x 1246 752 1354 755 4 12 Erzeugte\sSpannung
o 5 64 0 4098 5 0.1 0 1
