$ 1 0.000005 10.20027730826997 50 5 50 5e-11
L 944 416 816 416 0 0 false 3.3 0
L 944 496 816 496 0 0 false 3.3 0
L 944 576 816 576 0 0 false 3.3 0
L 944 656 816 656 0 0 false 3.3 0
r 944 416 1056 416 0 2200
r 944 496 1056 496 0 2200
r 944 576 1056 576 0 2200
r 944 656 1056 656 0 2200
r 1056 656 1056 576 0 1100
r 1056 576 1056 496 0 1100
r 1056 496 1056 416 0 1100
g 816 720 816 736 0 0
w 816 720 1248 720 0
p 1248 656 1248 720 1 0 0
w 1056 656 1248 656 0
r 1056 416 1056 336 0 2200
g 816 336 816 352 0 0
w 816 336 1056 336 0
b 1152 640 1320 768 0
b 944 304 1111 768 0
b 880 304 639 768 0
x 643 783 718 786 4 12 Raspberry\sPi
x 954 786 1028 789 4 12 D/A-Wandler
x 1155 784 1225 787 4 12 Gemessene
x 1154 802 1271 805 4 12 Ausgangsspannung
x 663 340 757 343 4 12 Masse\s(Ground)
x 662 724 756 727 4 12 Masse\s(Ground)
x 664 419 785 422 4 12 GPIO-Ausgang:\sBit\s0
x 663 499 784 502 4 12 GPIO-Ausgang:\sBit\s0
x 663 578 784 581 4 12 GPIO-Ausgang:\sBit\s0
x 663 659 784 662 4 12 GPIO-Ausgang:\sBit\s0
o 13 64 0 4098 0.0000762939453125 0.1 0 1
